3.159882714456213
3.350380907015248
5.294054001776237
5.983118442381317
1.9681436390480067
9.054872369159536
3.927548321141682
4.999671882772494
8.160873488069665
9.94995613630433
4.901695372010494
1.4081562863852433
1.7156035194965171
15.132967237746882
1.7981632628206539
14.783738424270089
5.2940538467302485
6.180444756467801
2.322493701554834
10.447587852829958
7.07027428272366
16.230767751402517
11.642736167753542
1.8824180063175695
11.045031691034009
3.927548702965133
1.7156039704539037
1.480879347289241
8.607715823182648
1.7156042120382422
2.41331338111237
16.33058265370755
14.83362654887976
7.07027428272366
5.49064835217491
6.5755830961331325
8.359427470374849
14.833625948475992
5.294053493031585
1.2738565197609701
11.642736413476698
6.97127540165079
2.0551615594776482
9.949955954714287
9.353129170228865
1.5566321352620718
8.856101056010829
11.144631778273293
1.408156910171947
2.6896794016389545
15.532132325493196
6.377938195282325
2.2324613887535736
1.3389568147262008
1.8824171927500988
4.024392501846058
2.0551620434465145
2.8765556046472933
15.432338358891782
2.5048300225790108
1.5955084933324906
6.674458385287853
3.254988853669989
3.350380341612281
1.9681441760085272
7.367432105274482
3.7343613538678926
1.4081568190570186
10.248508974786855
1.408156910171947
7.7639848974640255
14.334781870647218
2.3224940539642893
9.651494127691127
2.970633628733584
2.055161136004919
10.447589551733012
4.705999008643162
1.4808798970987638
13.137913927318706
12.739089276044727
3.1598826723042013
8.95548098394995
12.140996337062557
13.337353433425255
3.0650863462507174
1.7981640365981135
10.348044149694505
13.33735283334044
3.638042423500843
8.856102771496317
1.2738564267763415
1.9681428719616356
1.556631526640518
12.240664550352806
5.785973204881125
8.856102810707412
2.0991027704302074
19.47571670588003
2.876553215327778
1.9681431702729901
12.838788490836208
18.22744600353785
5.0977271920185645
12.838788746553856
1.5566295942681596
4.657131496649112
6.476742049074919
3.3503833759416466
5.097726548527744
1.7156040670876371
14.235023021343297
3.734360041338247
9.651492950180371
2.055160379803682
1.480878720506587
5.589033512200244
8.756735565854115
2.232462679348383
1.9681440225912306
18.077669981258843
1.71560453415072
1.4081568821365837
12.838788746553856
7.367435174651194
1.408156987269199
10.646704264066267
1.5566299023825403
7.317889846684418
7.466535757548337
1.7156037208167718
1.882416186275064
2.8296662833513704
12.838788746553856
5.097726185656982
5.983118646679514
12.440020539008142
7.4665362415325705
4.024393209360219
8.558051406574693
7.664814821163473
15.332545242867727
1.6349923367152168
1.715604332830418
11.543101784784122
18.127595058799212
1.6349922974827227
1.7156044536225976
13.935765700735592
14.235022184876122
10.049464757742166
1.7981650243993375
11.443473255918214
2.5969756739053613
9.054874805819367
2.6896787092402263
14.833624078365883
9.651495020636782
1.968142658882106
2.876554192355687
1.7981632792840023
3.350380671430677
4.999670495267392
10.945438646238204
14.634079476638856
10.646705187324898
11.842022573476953
6.674456863446005
15.432338358891782
16.829688637605653
7.317889846684418
8.359429860395743
12.04133287837876
18.926449339276374
6.476742244046511
15.332544996765304
2.970634702850391
14.23502238169193
13.636541767006396
7.169300512000425
4.99967172323358
7.169302270607251
1.8824165133794275
7.119784020791351
12.838788490836208
1.4808780314124557
1.556630575669665
11.543102561220172
5.392321424234812
10.746274642048029
8.55805157804616
3.0650870743786016
8.458731682739375
10.94543790942241
1.595508528124357
2.8765544099875022
1.4808787608259324
7.169301498774254
5.294055687901382
10.945437251200303
9.85045754309223
5.195856278877005
1.5566310169200916
2.055161187858721
4.901696463708075
1.8824158088469791
14.23502163379187
7.763984144092606
1.5566318309512748
7.169300121198909
2.0551616977544636
1.5566309560579588
2.9706336101341595
14.384663179608648
1.8824163540208887
1.5566317929124276
15.033185656931034
14.833625564611284
2.876555363863144
4.510680314140079
7.863178496986122
17.92789700942491
14.634077754275024
3.4460338523112246
8.160872851607268
5.097727603272099
2.4133118789847727
14.035513246499624
11.045031592784614
10.049464276726479
1.715602843060549
11.144631925658022
8.657387288458358
1.6349908851132993
12.340340487448824
1.715601921014117
3.9275484738710618
9.85045754309223
4.51068005911105
10.348044670122023
6.773366461982914
20.224780588603245
8.955481145718352
1.6349924936451987
1.4808798970987638
7.268353832893526
2.3224948569225874
1.7981643082434267
1.2738564267763415
4.121387015369513
2.143310145053168
3.927548321141682
8.260143125566461
1.408157337711305
5.490648497715984
14.035512542932171
11.045031592784614
8.359429733058562
9.452573466063427
3.9275491420621043
1.338957935925984
1.882416773385476
8.160874222449355
1.7981630487971267
2.970633628733584
1.968145258452902
14.983292846147135
3.3503816561741946
8.260144242023113
12.838788490836208
7.56566515525381
2.2324618970357544
5.88452288888741
14.733850222814553
6.476743131167252
1.634992650575189
6.08175957135431
2.0551613520624303
5.589033871412391
1.7156046952069703
2.504831290974263
12.091164613847607
1.480878665525663
2.322494076268686
13.736279428136127
9.154280556280355
12.140995260479508
6.377937220789225
5.785974322563002
4.705998637366474
1.8824165846714074
13.736279354343488
10.547142887543368
6.37793810270548
1.7981649420825598
1.5566319831066682
2.876553974723874
2.3224956331156688
1.715602641740346
5.687477922239912
14.733850331080786
8.558052146351583
1.7981648597657836
4.608287404611896
3.7343598844053574
4.413175501931852
1.715602843060549
5.392319145504355
7.268354907880965
2.055161136004919
5.983118296454032
8.061623128821987
4.364467901805805
18.177520105187284
3.3503814441480757
4.901697767948562
6.081760388917799
4.901695372010494
6.279171515876719
1.4808790907115204
2.322494455443431
1.408157141463715
8.359429199221928
14.73385050578312
1.5566302713590756
1.6349928467376897
6.2791707268469015
17.578443042704453
16.33058265370755
1.7156047998935373
11.842022824145088
15.332545193647242
11.543102020663428
5.294055736353255
6.971275069655939
6.773366510775831
3.734358976096822
17.97782132245428
12.041333335532382
7.268354614702572
2.8765542293994
6.476742463389551
18.97638081850143
9.353129170228865
1.882416983067783
7.7639858758684674
17.82805153644536
1.882417045972477
1.9681442356708103
9.253699819177351
2.3224951245753673
1.7156025853706915
3.0650870043663043
12.041333237219774
13.137913435487668
1.556631085389993
4.706000069433704
9.452573367959765
1.6349912774380682
1.4808790247343981
1.882417528241823
1.4808796771749348
4.608289774565668
14.833625564611284
1.2738564267763415
4.072871916704695
1.5566302713590756
4.803803153868578
3.7343613538678926
6.0817583936735735
7.763983694026563
6.5755830961331325
2.8765537895053117
9.005176753274236
8.260143125566461
4.6082888689735695
11.842022573476953
1.7156035718397824
12.838788490836208
1.5566295942681596
1.4808787828183034
7.070274917601656
3.9275492136540024
5.88452108025155
7.763985680187579
2.5969735675633996
1.6349924936451987
8.657387337457799
6.9217858266740455
1.4081551018921363
11.244237977257491
13.536807855391094
6.081759172305465
4.70599811661476
3.927549619341425
10.148981911527066
9.552027858824994
14.23502163379187
3.927548850921721
1.5566312793880583
4.999670480763854
2.7828881120363707
5.097727506506561
17.62836349424589
1.6349925721101928
1.9681444103960717
4.852737912989681
1.7156034832588727
8.955481890833424
2.232460310311476
1.7156040509820147
7.268355054470162
1.2738560052461565
4.803803308309579
8.359429483281788
8.06162285959935
7.565662372917552
1.8824172346865633
7.763986022629135
11.9416748770731
2.413312076869835
1.3389571862478964
4.218522780757983
8.657387337457799
1.715603257780204
14.933403718109982
1.7981650243993375
7.9623888663417945
1.7156039704539037
17.578443042704453
1.5566319450678188
2.055160876735914
5.09772587116899
1.9681427568986885
16.729863446442714
7.565664143050634
5.195856298244325
7.863178545916497
1.6349930036677
2.5048301131786674
2.5048307519062667
7.26835521083197
9.253698553945595
2.7828879276733014
1.6349920660110187
18.32729925927696
1.273856674735374
5.687478213655157
2.3224948569225874
1.4808796661787442
3.4460333279429545
2.0115008049573277
13.935765700735592
7.070273237616809
2.596973594918488
9.452572239767639
14.334781870647218
3.734360307648607
4.608290892104865
1.7156054199601904
7.962390339440371
1.882416605639637
5.933813574749564
1.5566304995920137
3.4460341310294984
16.480309605993885
1.798164530498696
2.232461145662106
1.9681441504389776
8.657389199436583
9.750968414759912
14.534310175827175
14.23502272611959
12.838788205612676
6.773365827675006
7.86317837955322
7.565662470714959
1.5566302713590756
7.3674328286307755
6.575583286298399
1.7156039704539037
19.32591158311958
1.715604626758063
8.45873372047309
8.160874222449355
2.5048301312985997
5.097727564565884
14.733850331080786
3.302651332573181
3.9275509557235435
5.490646072031434
8.359430315871036
7.664814385867392
4.024393123311199
7.66481418044677
8.5580522051418
1.5566317434619281
1.7156027544796582
1.5566318309512748
10.148981666087389
2.596974698240434
11.54310226637104
1.7156033262290844
11.742376664870076
11.144630682713478
1.7981647362906228
2.689678319479365
5.392320842431288
4.315787354107696
13.935765700735592
4.413178256007621
1.6349923367152168
5.687478087375218
16.330583224807043
1.7981638061111955
5.195856298244325
7.268355235263504
5.244944966824853
1.5566316787958914
6.180444440011982
10.547142740227073
1.8824170250042453
7.664814297829984
2.7828884346717446
2.5048301131786674
7.169301928655924
13.736279551123861
12.440019123002234
8.657387778452774
1.480879347289241
9.750972183201743
6.723907161305802
2.782888416235438
18.127595058799212
3.4460355907574347
1.9681443038562776
1.9681438606507553
1.8824165217667195
2.970632842907899
6.377938244006979
7.863178775889264
1.968143183057763
1.9681440225912306
12.340340487448824
6.5755827548108625
16.031145332329753
2.5048303487377783
1.6349911126616585
1.4081562863852433
1.7981649420825598
1.5566311995065
12.539704806421769
1.5566318309512748
4.999672936696243
2.2324620826692536
19.32591158311958
1.798164793912364
5.294055494093894
17.87797435362358
2.143310923546196
11.842022774994472
17.129177633334248
8.458733103274895
12.838788490836208
10.845852058834138
11.54310226637104
4.510678668481075
6.377937683673446
2.0551624755616023
5.0977265582042985
4.315789754401657
4.7059987482673025
6.279170536895277
2.4133132012168397
1.4808794939050975
6.575582706050537
1.7981632957473512
5.687478529355006
19.325912292445178
2.0551596192813806
6.279172684809789
6.575583291174431
2.055160358197934
7.4665375077135465
13.43707925521219
8.359430022016006
6.872305714320375
7.367434294893536
4.510678870579548
4.315788794284065
7.169301625784747
1.7156043730944772
1.9681449175255181
6.180442658122304
2.055162937924777
12.639393945782508
1.7156050938212224
1.715604622731657
1.7156042402230827
5.4906486432570585
4.852737700538636
4.999672810998914
16.230767751402517
13.736280170982036
13.736279428136127
1.9681439799753155
2.143311094114903
9.05487321243014
5.5398322712578745
12.240666005539618
2.9706343029627433
1.5566308419414638
3.254988853669989
2.7828883931900537
1.798164530498696
7.664813123997859
1.4808794572511323
12.639394132635292
1.7981636250143405
13.237631017781665
1.715605258903906
8.260143233294734
6.476743179910151
1.4808799337527379
5.097726354996671
6.872306612390641
11.64273597117502
2.055160271774941
13.935765700735592
1.7156034268892044
7.169299852522867
1.7156034470212285
8.359430511774388
8.260143527099114
6.625015417153406
10.148981666087389
13.137913887972223
10.44758988071135
1.9681434259684492
1.5566309712734916
1.63499238771746
4.803804514879912
13.935766025447345
4.705998391455942
17.877974107384688
4.706000503393475
1.4081567770039765
1.2738566437404908
12.93849259658779
7.863178252334245
2.1433109410404225
6.67445682442442
15.532130199054379
1.556631328838548
3.065087391767686
7.268354521862747
8.061623417624448
1.480879787136846
8.955480469232306
20.224780588603245
1.8824158088469791
1.6349926584216892
8.558052538286363
11.045031720508826
3.4460337105900702
2.504829460861151
5.4906479640653805
2.055160919947414
1.5566307962948676
1.6349928075051887
1.7156039704539037
1.6349921797852436
4.1213888681984505
1.715603861740957
18.377226708583454
7.962389145300662
1.9681445765981542
10.64670553109141
1.5566316027182032
10.845851076487973
6.971275108714156
1.882415406257054
2.5969727788250343
1.7981652507704844
7.070274380397198
22.022795769663578
3.3503802756486016
1.9681438393427984
3.3503833759416466
2.596972559984339
12.639394132635292
3.0650863462507174
18.826586248437593
1.4808788707877887
13.636541668619987
1.273855794481144
1.4081574077997365
4.9016965796405625
8.359429860395743
12.240663724435963
3.734360041338247
1.338957852996967
10.646704303353868
2.9706328894064598
4.315788347829387
1.4808780790625735
2.876553659852319
13.736279428136127
15.132967237746882
1.3389571132704108
1.798164316475103
14.733850331080786
6.872306143832241
1.6349923014059722
12.838788746553856
1.5566317168347361
1.5566313554657352
1.7156044334905676
3.4460358411314873
1.4808794939050975
12.14099628790351
16.430399052533673
1.4081559289345578
4.608288820803777
11.045029834120482
13.137913927318706
1.3389571862478964
15.033184524955379
1.9681441930548942
12.938492404790733
5.1958547488587525
1.6349923367152168
11.144632073042748
14.035514820916305
10.746275378749917
6.18044368051802
10.447589448620397
1.882417930831922
11.941674429776299
1.4081572851449837
2.322493487432638
10.348045023619962
1.556631332642432
15.532131818495053
1.6349914736004731
9.154279722706121
16.08104929401376
1.7981641600732536
15.63193022695248
1.7156044536225976
2.2324614196924886
9.253697210249857
1.8824177798606312
7.5656649498792525
13.137914222417328
2.2324617644404
18.177520026386873
7.863178545916497
13.038200699987774
7.565664656487027
10.049464276726479
1.5566307962948676
2.143312397434892
13.237630821040801
4.608289928709005
1.6349919365438026
5.490648594743367
6.081760296455262
7.763985552995002
1.882416018529245
1.8824156201329476
8.955481694750508
3.9275491420621043
2.876553696896031
4.121386991431155
2.1433105692881234
6.279173844001755
1.7156041717741846
14.434544053636953
12.63939518491149
11.244238876367517
1.882416773385476
1.6349915599119353
7.912781059894142
7.367434050516408
2.3224936970939543
1.8824170208105993
8.160872851607268
1.1586693176594212
16.031145972310455
11.44347481360334
12.140996799157563
4.9016946570935005
9.750971260718586
6.476742546252477
3.350381821083398
1.9681438947434866
4.608288724464193
1.8824168153219365
1.4808776758693085
1.7156039704539037
2.413311726073591
1.7156041717741846
5.884522451314218
1.968143724279832
5.785973088253451
15.43233741383292
16.081050002923885
2.876553243110562
1.9681454289166016
13.43707925521219
5.785974176778408
7.268353832893526
5.589034813130727
7.763985044224691
10.447589154012931
7.169302270607251
19.375846996757545
3.2549895396132373
8.756737673145613
1.338957889485734
3.7343613538678926
11.1446319010939
10.04946398222708
4.852738782107589
14.534309452457316
6.773366413189999
7.962391083330685
5.097727806479727
7.169302075206492
1.4081561462084933
3.4460337105900702
1.6349909988874767
2.6896782231855063
9.85045903492353
17.778128364536986
2.0551616545429585
11.842023138709019
2.055162000235007
8.260143311642569
12.639394201475792
14.23502163379187
6.723907112520766
1.213511669897114
7.763984946384247
16.230766688000116
1.5566310701744592
4.413176708341995
7.9623909511922735
1.4081562162968666
9.054873996867913
10.54714253398426
7.268355347648554
2.59697320282889
1.6349934352252735
4.315787642142969
1.715603285965037
3.975951109470199
1.5566320211455182
1.408157127446031
14.23502272611959
1.556630997900675
2.2324612119597784
4.80380198590851
1.7156024243145402
12.539702839647465
6.674457799964064
7.466537028618043
1.8824162701479756
15.432337399066377
1.556631868990122
6.180445218980152
14.035512951296496
4.072871285196847
2.099104357515421
10.547142396489052
10.248508812781603
11.144632957351122
15.232755441817323
7.664812302315373
1.5566300164989884
1.8824148401150274
1.8824170417788304
9.054872369159536
7.070274595278981
17.828051093219184
8.558051039135842
10.845852058834138
10.945437251200303
5.687479039331685
1.4808795672130302
8.160873869947103
16.979430927888593
10.74627367942423
1.7566571417575785
11.74237665012578
6.971274957363563
15.532132325493196
3.350380925862014
1.3389578231425225
6.279172441282066
3.3503833759416466
10.646703198390082
1.408156987269199
15.631930054667075
1.71560493679136
6.674457946295011
1.8824160604656992
1.5566313364463158
11.842022774994472
2.1433098432778017
1.882415804653334
18.32729925927696
11.742375691746394
10.845852992062996
7.664814336957721
1.6349920228552794
9.15427842821437
4.315789994431058
4.901696753539293
2.2324606594791905
8.061622957498491
1.7156038899257946
8.806418532900777
2.689679342028467
4.803802584367386
4.901695372010494
1.7156036483414787
12.9384911949939
11.64273606946428
7.962390789689771
8.061621165944238
6.37793810270548
1.8824174527561832
9.452573829046981
14.783738424270089
10.049464934441806
1.4081570888974009
1.4808796038669978
2.322493487432638
1.7156038093976873
2.2324629577986568
1.8824156620693984
4.4131778378495135
6.377938541227376
1.968143183057763
8.756736653804607
15.332545242867727
1.8824171256517566
13.33735226276799
1.4808787461643522
7.763985885652512
13.636542160552029
1.33895780323956
12.639394506340857
2.3224931707102323
1.8824154733553724
14.833624078365883
6.575583486215728
1.2135122250932386
8.7567368106263
17.877974107384688
2.232461278257451
1.408156034067103
6.872304826011745
5.1958566371724215
19.275978066156863
9.452573240425002
1.968144363518562
1.5566310777822263
2.876553215327778
7.8631783942323334
11.642735872885755
14.185144155357841
6.822830559362966
8.260143071702323
1.273856674735374
1.7981646457421738
4.705998526465646
1.7981642670850446
5.490648400688602
2.413311852000447
8.756738334737133
5.983118384010403
1.4081562303145416
10.447589939632842
4.60828819459648
4.901696429894433
14.634078344799766
6.377937366963189
8.260143008044707
4.608287645460854
2.3224958829249482
8.558052508891254
14.384662525163119
7.66481418044677
9.253698249897655
3.2549885717755083
2.0551605526496717
1.7981639542813557
12.838788490836208
13.137913789606015
1.634992940895695
1.7156033825987511
1.4081570573576132
4.7059987482673025
5.785975343055155
14.334781668904204
16.23076745601296
7.268355274353956
1.556631374485155
12.938492217911547
11.244239303813268
1.7156041717741846
14.434544053636953
2.41331553985895
3.0650879658685395
5.097726224363196
1.9251088533776093
2.143312616112764
4.218522493096807
1.556631754873582
8.657387729453331
4.705999924780447
9.353129332080684
4.803802014866197
22.022795769663578
8.955481694750508
9.154280556280355
1.7156039140842272
18.37722685633899
6.377937683673446
4.121386953129783
3.734359480184279
9.253699819177351
20.424542932058813
1.7156042120382422
6.377938974876807
3.638042423500843
15.432337226790022
1.5566316027182032
5.195856152989427
2.322494076268686
2.0551613520624303
4.1213895480478415
4.999670480763854
3.638041113640897
1.4808795672130302
6.921787388771571
22.622201838669014
4.901696656928887
2.2324611721811753
1.2738555899151538
1.3730823127154543
9.253699426857427
13.736280170982036
3.7343613538678926
1.6349921876317421
8.061623084767373
1.7156036282094533
13.935765700735592
15.631929798700194
7.0702742338868925
4.02439380214236
2.5969736678653907
11.343853196412267
2.232459916945333
5.294053972705115
14.534307759673432
5.195856298244325
2.689678855973729
3.350380737394357
1.4808790907115204
1.968144065207146
3.1598817215421664
13.237631312892958
15.631930054667075
13.137913927318706
7.763984750703359
13.736279600318953
1.715603704711151
7.07027544503876
4.218522013661515
4.608290328518285
6.575583281422367
1.8824174443688897
2.504830837975945
1.4081567770039765
4.315788314225272
7.070274526907505
17.229010875062347
7.070274771091349
2.3224946784874048
1.4808785482330296
5.1958563950809245
11.244239303813268
1.3730833335993973
3.879188757117234
4.705999915136897
2.4133126885145924
7.962391024602502
16.580127621833583
2.7828884807625136
13.636541963779214
3.4460356427218604
11.343854080843302
4.315789274342859
5.097726214686643
1.5566311842909655
2.5969759018644654
1.6349925721101928
13.33735234146764
1.634991736458117
2.2324629577986568
3.83086723186295
2.232461455051248
10.447587852829958
8.061623417624448
12.04133287837876
1.882416773385476
18.177520548439617
1.7981638719645996
1.9251073394840241
6.9217858266740455
4.7059981407236355
8.657387876451658
7.8631780174684405
5.785974516942459
2.1433121481421256
1.4808790174036068
1.2135123247438788
11.144632171299238
15.033185213984037
14.933404072457211
17.129177633334248
12.838788746553856
5.294055532855391
15.63193022695248
2.143312528641614
8.955481802596111
1.6349926898076883
1.8824177421178092
1.7156046549429071
16.031145627705463
2.322493474050001
9.651493264183237
4.852737912989681
2.3224954814457517
1.7981645963521113
11.64273597117502
14.035513246499624
3.7343596704059623
2.0551611187203185
9.253697210249857
10.746274691161487
2.970633252095235
2.055160703889916
8.210503812346097
1.79816340275912
10.148981327380636
15.731729793421238
8.061622125355804
1.7156039543482815
15.532130199054379
6.377938058853291
1.338957776702277
1.7981631681564
7.0702732571515154
2.2324617644404
3.3503814441480757
7.763985973708912
1.8824168069346445
1.7156038093976873
3.3503818682003135
18.077669981258843
4.901696995065309
6.3779372402790875
7.46653596287498
12.041333089750864
1.7156040509820147
3.06508841861475
4.803804495574785
5.539832111115058
12.938492217911547
10.248508066575583
1.4081565597299452
1.4808788561262074
2.7828896883406813
2.143310954161092
6.279173064713038
3.3503811143296724
1.6349902181613178
7.070274595278981
6.279171457430066
13.736279428136127
6.081757717237121
1.7156034510476337
14.83362522503866
6.971275548119107
1.338957889485734
4.901696825997098
1.8824158801389483
15.582031623694823
4.803801638416261
12.539704550741108
8.657385377480137
8.856102810707412
4.02439380214236
4.803802014866197
2.5969751723953434
9.552027858824994
1.5566312793880583
8.756736653804607
1.4081556766164802
8.856102330371476
2.2324611721811753
1.9681442356708103
1.63499262703569
1.4808783063169981
13.33735283334044
1.4081565246857497
2.6896772877594817
1.4808794205971678
3.0650874384425517
8.756737888775444
12.838788313800912
2.596973458143046
2.143311697665744
2.0551602328845946
1.8824176037274645
10.746274249140354
2.689678191087554
4.121386675444831
1.7156033262290844
18.826587450265265
1.5566309560579588
11.045029676921455
1.480879347289241
1.6349913755192689
12.140996425548833
1.213512168150023
1.7981631805039113
17.778128788060535
1.4081565597299452
14.13526782231836
6.773366461982914
2.322495927533749
9.85045754309223
10.049464904991867
2.055160919947414
1.7981631393455408
6.476743228653048
13.636541570233579
7.268355235263504
13.736279747904232
15.332545784293062
7.5656648031831395
9.750970770036055
2.596972646608781
2.5969733031308797
10.74627462731399
7.863178692707625
4.999671964959209
1.715603285965037
11.792198637185198
14.534309600083818
8.260142528164216
10.746274298253816
1.798165419519893
1.9681438606507553
12.440020012922613
17.82805237857511
1.556631306015245
1.6349922190177362
4.608289774565668
12.838788746553856
1.8824170250042453
4.072872041092606
13.636542190067951
11.045031691034009
14.983293919047574
7.9623909511922735
1.7156038899257946
1.6349935529228048
11.244237977257491
15.332545784293062
10.049464168743366
4.121387010581842
1.5566314315434149
7.565664387544155
4.608290169557969
5.884521571305908
14.634079476638856
2.055161282924026
2.0551624755616023
4.608289914258067
12.190829559765744
2.05516277804218
10.248507624743072
14.634079476638856
1.634991034196705
3.8308657691633665
6.081760388917799
7.367432105274482
2.232460160036768
15.58203147602353
1.5566312603686392
8.955482145741207
10.099220385762514
11.842023001087298
2.3224933580671476
9.054873741925636
1.480878280659239
14.23502272611959
1.7981644070235447
5.785973885209223
12.83878775810679
7.863178252334245
11.991502986481006
2.782887549729016
8.359427671175785
9.104574546981755
2.9706340983690653
16.92951622850141
10.84585312467973
12.041331280798898
1.6349908027251048
8.160874065781687
2.596974005244822
11.144632023914507
1.8824173185594928
2.055160876735914
11.24423797234432
1.8824156830376237
7.664814229356444
9.900206033605386
14.434544053636953
12.44001970317132
12.838788746553856
7.07027433156043
8.657387798052552
13.586674356240525
14.833625948475992
1.4081557677313365
6.1804453942479896
12.440019654004448
14.634078344799766
17.57844313627028
2.5048306884865035
1.556631868990122
9.552027525234152
1.7156038093976873
4.608287645460854
1.882416312084432
1.5566312984074773
2.2324613666543494
15.532132325493196
4.024392626139085
1.4081565246857497
1.5566320211455182
8.359429630209304
14.933403718109982
1.6349933175277467
9.154278967585933
8.856103668450157
15.63193022695248
2.4133127379858608
7.962391083330685
1.408156987269199
15.132967995700145
13.137914222417328
4.413176035443905
1.7981636620568784
1.8824156620693984
15.532132325493196
7.169300560850615
1.7981650655577268
2.0551616545429585
1.7156044938866586
6.476742999561428
4.705998430030143
4.315788986307581
2.3224954814457517
2.689678489139974
3.541928794128721
11.443473422988543
15.033184308403515
16.13095536228855
14.434544053636953
1.7156041315101274
14.23502272611959
3.065088511964485
1.7981640777564933
8.955481145718352
8.856100575674896
14.634078369404962
13.736279428136127
12.340339730318213
7.466537141058824
2.5048307926761137
12.140996425548833
4.901696077266453
12.140997467720554
2.1433098432778017
10.248509195703111
2.232462339020282
19.825270841615676
4.608288223498357
1.7981644070235447
1.213512333285363
1.5566308419414638
3.975951544151494
1.798165477141644
2.055160397088281
1.6349910969686676
1.5566306517473187
1.9681433407366282
2.322493474050001
12.739088636780707
14.534308881634844
2.2324601688764565
1.8824154146443437
6.575581672331665
14.235022332487977
2.689678663386007
5.785974857106509
1.7156044938866586
2.322494076268686
2.7828893795325165
6.575583047372809
1.9681439117898525
5.097725421209247
2.413311852000447
14.733850331080786
6.180443553935692
1.7981649009241716
5.983118384010403
5.097725667961364
2.504831290974263
1.8824184927806578
2.143310954161092
13.7362796249165
13.038200680315397
1.7156039503218763
7.070274917601656
6.971274957363563
2.2324612119597784
9.15427997768177
2.3224956331156688
4.901696642437327
5.490646081734172
13.33735283334044
5.392320842431288
5.933813574749564
4.315788794284065
2.322495017514255
4.3157900904428175
1.8824181153523956
16.430399052533673
6.081758782989519
7.763986071549357
13.137913533853874
9.154279967875015
6.279173064713038
7.565664094151931
1.3389571132704108
4.9016951111624
2.0551609631589147
1.7156035678133774
5.490647284873704
2.4133122837496757
1.8824177421178092
12.140996223996757
4.901694705398702
1.9681442995946858
3.4460355907574347
2.0551622162925463
1.882415540453692
2.689679342028467
2.2324626660888462
1.4808794572511323
12.838788490836208
6.971276236520196
8.160874222449355
1.5566314125239948
2.6896786725568504
8.160874300783188
2.876554192355687
1.7156040509820147
2.87655575745262
6.427334553806936
18.177520548439617
7.268354990948176
4.705999915136897
2.322494321617049
18.177520026386873
2.0551624755616023
1.8824176959876937
1.968143724279832
2.413311465225109
17.828050073798977
1.4808798457832013
1.6349920307017776
2.232459916945333
1.7156035436549473
6.6744585316188
2.6896793970535318
4.705999539038431
15.831532526860956
9.15427842821437
17.378764893689013
13.337352843177896
9.253699083577493
1.5566315646793605
7.466537458826251
7.070275943173806
2.3224955706633494
8.16087402661477
3.254990808138461
6.773366803533327
1.8824158088469791
2.143312616112764
18.177520548439617
1.8824168740329823
1.882416941131321
1.4808789807496514
14.13526782231836
14.23502163379187
2.143311277804285
1.5566317434619281
1.6349911872033662
1.4081568190570186
1.5566315494638236
10.248508930603602
6.773366461982914
7.268355005607095
1.3389571597106282
2.413312796451906
1.4808794939050975
1.634991960083296
5.785974099026626
9.353130023629358
10.746275182296081
14.334781668904204
1.634991520679452
8.95548193985415
1.8824176037274645
1.408157127446031
13.337352439842197
2.0551618706004864
4.3157904744898605
8.06162344699419
1.5566309484501923
3.927548321141682
2.6896784983108177
1.8824168572583977
5.785975537434614
11.842023074813222
3.734360688091981
4.803802092086697
1.882417045972477
1.6349914736004731
1.5566317929124276
2.0551604014094305
6.476740645279466
7.565665008557697
1.7156038093976873
19.27597774105152
7.466536969953286
1.8824170250042453
4.608290217727761
6.575582218447294
8.856102771496317
2.143310648012138
7.565664959658994
2.2324616760434983
6.773366549810163
5.687478607065737
1.4808786911834273
1.1586693176594212
1.5566319678911285
9.949956003792678
1.556631100605527
14.334781870647218
7.6648145325964085
1.6349926191891904
10.049465101324799
1.6349920228552794
3.350381821083398
1.5566317168347361
6.377937220789225
5.195857595854757
1.4808788707877887
6.081759464292423
1.9681429571934494
2.6896779572310434
5.097725619578596
3.254990291331882
14.733850331080786
2.1433115664590354
2.596973713457206
2.413313785877324
10.148981616999453
5.589034958757274
11.642735214347702
1.8824162701479756
3.7343594611621107
2.0551623891385824
1.8824171927500988
1.4808790540575634
7.466535757548337
10.845851076487973
1.5566312375453368
1.7156053233264188
11.742375219928851
5.2940556394495095
6.279173931671735
6.674456546395622
12.140996425548833
7.813577499748899
4.999670775669118
1.55663147338614
15.731729975556169
2.143311391516761
4.218522445153277
1.7981633204423744
1.8824165049921362
1.408157127446031
16.33058265370755
5.0977254454006315
2.876554993425996
2.055160876735914
1.7156042442494883
10.746274298253816
9.452574348996396
4.705999915136897
1.4081564055354916
1.968143809511659
1.4808788304684406
2.78288847154436
1.6349921013202606
10.746275378749917
10.845852992062996
8.061623593842898
1.7156039704539037
5.097727666169698
5.195856152989427
5.49064741586067
11.842022971596931
5.983118909348626
17.029346246935184
1.8824168153219365
1.8824165133794275
6.476743228653048
13.43707925521219
1.6349924544127024
2.782888895579432
1.7156035436549473
15.033185656931034
4.60828819459648
2.0551623027155634
11.842023040407792
13.1379138781356
8.657387729453331
2.876553696896031
3.5419276008084943
10.646704725695583
12.140996366557982
4.901694705398702
17.97782117470842
14.085389180016456
6.971275645764651
5.195856152989427
3.254988426130027
13.536808199730007
12.539704609744337
1.8824171508136351
8.856102722482445
10.24850700617756
13.137914596208919
5.0977257695651765
7.169301537854405
1.798164777449009
15.4323374728991
1.715604236196677
1.7981631311138666
2.143312441170466
8.260143556479555
15.033184524955379
11.543102020663428
1.8824176121147578
1.7156037610808244
5.29405520338266
14.73384992262181
5.785973885209223
18.22744634829247
11.244238876367517
9.154279722706121
1.7981643576334856
2.504829533340874
5.195854119420869
6.773366437586456
1.8824177798606312
8.707059381550778
13.187770879936002
2.4133128414257867
12.9384911949939
6.674458629172765
1.2738565693527764
1.4808791273654782
15.132968861932445
11.144632023914507
1.7566570195766655
6.476742643738273
9.253699524937408
6.081759756279385
2.2324620826692536
18.127595058799212
6.377937717780705
10.099220385762514
1.6349931213652136
18.77665682955058
7.070274595278981
7.565664235958172
1.4081563564736235
17.229010875062347
1.273856612745609
11.2442389598914
10.148980959221118
13.736279428136127
1.4808780240816684
1.6349930742862073
8.657387210059252
9.353130445425007
13.536808199730007
2.413311577659799
5.4906486432570585
2.504829533340874
2.2324626926079194
1.338957245956752
12.639392627978676
10.447589910172097
15.033185213984037
1.556631328838548
3.975951544151494
7.367434319331248
1.338957852996967
1.8824186185900849
1.4808792373273565
4.4131757038012775
1.273855503129597
11.742376291347856
1.7981630611446378
1.8824165385413028
15.432337571342732
1.4808791200346867
5.884522718720057
3.638043320470174
1.4808790247343981
2.504830040698942
1.7156038093976873
1.7981632957473512
1.5566312603686392
7.268355318330715
7.46653638330573
2.504829524280908
20.174841877139382
2.4133136059817875
4.706000503393475
14.434544053636953
1.7981649009241716
9.154278967585933
2.2324613887535736
2.143312069418096
14.235022184876122
6.674457526812963
14.23502272611959
2.2324617644404
4.121386991431155
15.532132325493196
1.4808794059355823
3.065087247075603
14.434544053636953
11.343853122709682
1.7156038255033088
1.6349917089953767
16.33058238785089
4.999670785338144
3.638041616703045
16.33058265370755
5.294054641340945
3.4460333279429545
2.0991027704302074
7.76398592478869
5.097725677637917
4.90169488895847
7.070274595278981
18.776656731040845
4.608289639690248
4.999671916614083
1.8824160520784083
1.634992069934268
8.856102555835283
8.260143008044707
1.408157127446031
13.337351357722037
9.949954619782096
13.237630870226017
3.6380415692443524
1.556631009312325
8.06162320224634
1.4081570573576132
6.081758977647492
1.4081567770039765
11.144630550067221
15.232754949626042
17.828050073798977
9.949956838125297
11.8420228732957
5.441475072758744
8.856102722482445
16.77977594225034
10.646704887756938
1.8824172766230278
18.826587450265265
14.23502272611959
5.589035415053789
5.785974021274842
8.160873869947103
10.547143329492252
8.657387729453331
4.999671529853076
6.180444756467801
4.413175482706191
15.58203147602353
2.0551616545429585
1.4081572536051916
7.962391514004024
1.9681445765981542
1.8824164798302612
3.638041189574806
2.504830837975945
11.842022573476953
1.5566320211455182
13.935765036552455
4.413176809276709
4.315787738154725
13.437078787913853
13.935764337930193
11.44347481360334
1.2738557448893841
12.83878775810679
1.968144363518562
6.279171116491255
1.8824176121147578
18.77665651431942
2.0551605872188703
1.7156035678133774
14.933403718109982
8.558051127321166
4.608288700379297
2.055161187858721
13.536808199730007
14.534310175827175
14.733850331080786
1.7156030041167196
8.160874114740334
1.4808794792435114
7.565664656487027
1.634992654498439
9.353130053056965
4.706000792699989
6.872306192640408
6.872306192640408
2.143311391516761
1.634991928697305
8.856101899049412
8.061622898759007
3.0650869250190342
4.852737912989681
8.260143027631665
4.608289206162116
8.95548206240597
9.154280850483026
2.055161248354824
8.0616231043472
9.750970824011134
8.955481802596111
5.294055721817692
11.144631586673146
1.4808787608259324
2.4133131562429573
9.750971555128105
1.3730823297870856
2.5048303487377783
7.863177156293827
15.73173044319991
2.322494098573082
12.938492394954986
1.4808787461643522
10.447589802149357
2.5048315627732616
12.140996425548833
10.348044670122023
1.8824168153219365
4.803804225303031
12.838786612295019
13.137914222417328
1.5566316711881223
1.715603237648181
2.1433132109166046
10.348044149694505
9.253700113417295
1.7156044536225976
2.970635493325995
11.44347492170767
6.7239076003711356
11.742375701575925
2.3224955706633494
9.651493264183237
2.596974233203901
2.9706334752883303
8.359429267788103
3.6380403922687696
2.689679497932819
6.872305714320375
1.4808796771749348
9.154278643962996
13.736279428136127
1.556631587502666
12.93849214906132
7.565664656487027
1.5566308799802948
11.941675171994069
5.49064741586067
1.968142590696658
7.962390789689771
7.268355054470162
8.657387876451658
11.842022573476953
8.061621263843378
8.955483067330901
13.736280170982036
1.7981642835483975
10.646702800603121
1.6349925721101928
7.070275264342715
8.160874369325292
1.8824181153523956
1.7156053233264188
11.742375421434259
9.552026730503032
12.639394496506501
7.863178496986122
13.237630821040801
4.608289928709005
1.7156057420727817
2.87655575745262
4.4131774052721635
7.863178276799431
7.962390584141131
1.7156040670876371
4.999671529853076
2.7828892827418987
4.024392324967519
1.4808796185285849
3.0650869250190342
11.343851437377213
4.315788074195877
7.66481229253344
1.6349929644351968
1.7981641600732536
3.638042755711704
7.119785066043304
1.4808791273654782
14.733850331080786
4.024392970335164
6.180444741862147
1.7156039503218763
10.447590283341553
10.049464541775938
1.882416773385476
2.0551604100517302
1.6349929644351968
3.638042755711704
1.5184041608717065
2.6896783286502086
15.73173044319991
17.877974107384688
11.842021688765893
6.47674395979652
10.148981616999453
1.4808787461643522
2.413312571582504
12.838786582789139
17.5285223832196
7.8631783942323334
8.558052018972782
11.64273606946428
1.9681442995946858
8.856102477413089
7.962390633081284
8.955480312365976
4.364467901805805
10.746274740274947
6.081759289100248
6.575581399273848
6.377938438905601
1.8824175701782901
8.26014311577298
15.33254507059603
2.970633628733584
1.4081562162968666
7.962390789689771
13.935765700735592
2.7828897252132982
10.746274686250143
1.6349917089953767
1.5566294839556138
4.218523384846459
1.4808796698441409
4.608287404611896
5.097727612948653
10.547142887543368
2.689678168160445
1.5566317929124276
1.8824172179119774
1.4808786875180322
13.63654203756902
11.94167477876611
1.7981650655577268
6.773365739847757
1.8824164798302612
15.132967995700145
1.5955084933324906
8.160871921392994
12.739089443236855
15.731729975556169
1.9681443209026446
4.51068005911105
3.0650882972600946
1.5566308951958274
1.8824169746804906
12.140996484539686
1.5566312527608717
10.746274691161487
1.4808782476706923
17.828050073798977
15.631928814212174
5.097727177503734
1.5566323254563406
9.054874585196242
15.63193022695248
1.5566310815861095
16.081050731525956
1.4808794205971678
2.970634702850391
9.65149406881559
11.991503733635607
4.413176693922749
5.0977271920185645
16.081050002923885
8.856102879326833
5.490646072031434
11.842023040407792
1.968143937359401
6.575581672331665
6.773366461982914
1.7156031611464937
6.6744566293164915
1.5566312984074773
1.6349924936451987
1.4441098189401915
1.4081562863852433
1.8824154733553724
1.4808794939050975
6.180444741862147
1.6349920228552794
1.7566572028480365
11.84202306989816
12.14099697613012
7.763986810244712
19.475716016243997
1.798163378064096
7.863178399125371
15.033184308403515
2.413313291164605
8.45873372047309
1.4808798604447906
6.476740226090547
4.9016965796405625
1.7981636908677414
2.2324626749285374
14.334781870647218
6.674457790208668
4.024392444480045
1.7156031893313257
7.863178188724755
2.2324609246698683
8.856102555835283
15.63193022695248
12.938492473640958
12.938492217911547
15.4323374728991
2.055160366840233
13.935765700735592
1.8824167230617235
11.04503139628583
2.0551609631589147
12.938492217911547
1.5566316407570469
1.408156034067103
1.7156031651728982
1.7156046549429071
4.999673221932488
1.6349921876317421
2.2324607478760825
23.52137390867131
6.575582706050537
15.132968099057411
7.863178276799431
1.4081569171807882
7.763986169389802
13.237630968596449
5.294055494093894
1.3389574051803828
9.253699426857427
3.6380409902482955
11.24423905815479
1.715602641740346
9.154279722706121
6.180444167373124
1.798164530498696
3.8308671413375674
7.070275064111963
2.689679745545618
1.7156046307844695
13.935765700735592
2.0551619570235
7.565664167499986
2.4133136419608947
10.646705280632952
1.7156039543482815
1.8824171927500988
17.87797400888913
7.7639848974640255
10.845851076487973
8.061623285460609
1.4081569171807882
2.4133122837496757
8.558052538286363
2.2324599611437757
9.253699083577493
6.081758744057924
2.2324605268838544
5.195856278877005
2.413313943285921
7.56566455868962
12.340339730318213
4.121389021403946
2.596972892804564
5.884522110979512
11.343851825544165
8.160874222449355
2.5969759018644654
5.687477917382991
1.7981642012316348
13.7362796249165
14.434544521105732
9.750972183201743
2.143310954161092
1.7981641683049299
7.367433801251739
2.1433113040456253
7.565664998777957
10.248507718018825
1.634991410828502
9.452573240425002
4.901697623032951
2.8765541599424385
4.999672883516602
2.143310639265025
1.5566321466737274
2.97063400537194
13.63654203756902
1.7156035436549473
9.750970824011134
15.831532605623979
2.4133147303289366
9.353130445425007
1.4808786508640832
18.37722685633899
12.140996799157563
15.831532526860956
17.129177633334248
1.9681433663061745
1.5566312603686392
18.077669833510505
14.634078369404962
19.825271432759088
1.6750363018678363
7.070275103181378
10.447589939632842
1.4081564616062001
7.5656649498792525
7.962390799477801
1.7156039382426598
2.413313291164605
14.334781083357411
2.876553882114593
3.9275497147972893
1.556630575669665
1.968143085041173
6.6744585316188
3.5419284626508767
2.8765543683133243
1.9681453010688266
8.359429630209304
4.315788861492296
6.971276397635346
6.377938507120118
16.081049697698692
17.82805064999301
2.970634842346084
2.5969737818449277
7.863178775889264
2.0551605526496717
8.061623642792469
4.901696753539293
1.63499238771746
2.8765546229888557
1.7156041073516934
1.5566318956173157
2.782887540510863
9.651494986292718
2.143312441170466
2.7828875589471695
1.6349923014059722
4.121386866951694
1.6349905869465118
8.458732848558183
6.081758744057924
13.337352439842197
5.687478325364333
11.842022480090785
9.154279967875015
1.4808796771749348
2.2324605268838544
15.033184308403515
17.728206171234316
8.061621263843378
1.6349923994872086
2.8765544377702876
6.872305753366907
4.510680266021394
1.7981642341583395
1.968143085041173
1.6349926898076883
1.7156041717741846
1.2738562965978792
6.971274356843465
3.541928794128721
1.715603141014471
1.7981656006168272
15.731729251939013
7.070274380397198
1.5566317929124276
1.4081567770039765
2.504830040698942
7.664814728235097
12.938492645766525
9.054872594685396
1.4081560515891947
1.556631108213294
1.7156029235886336
14.434544053636953
13.43707883710315
3.350382245135641
5.687478694490311
15.73173044319991
8.756738334737133
1.882417528241823
8.95548206240597
14.933403718109982
13.038200577035417
1.4808792153349801
10.646704892667888
12.938492050703855
1.5566308799802948
7.169301625784747
2.2324618086388512
3.3503802756486016
1.556631374485155
1.5566314277395308
8.359429483281788
10.248507718018825
3.065087247075603
3.0650874384425517
4.706000069433704
2.2324606373799676
