6.820249795777841
6.944936002240016
8.21126307006547
6.835519097622934
8.123453824568719
7.430946148270996
7.250996679951862
7.331497862417891
8.66659823929415
8.127874080102934
6.998155788381428
8.761065378231184
7.245311067203203
8.041042163632051
7.175775721617156
7.936166438910222
6.818862408162296
6.907917821388843
9.496223816015847
7.784320328728285
8.136716536927814
7.165157640663375
7.17294365598212
9.849928658334667
8.139664597908338
6.8195560867108185
6.743417047036225
8.76406744732209
7.426644739123306
7.863055052431921
6.757228922582514
7.2502858894197955
8.837710611169305
8.136716536927814
7.77340657246582
8.217173788277828
7.613840516219877
8.125663871152375
7.264506515394067
6.914196478163812
7.6905945364575885
8.050593550159864
6.900944325785607
7.407298946269684
8.051328402194025
7.776316454938226
8.579088574591143
7.191359561213497
7.1835660617426775
7.9493435091653035
8.057942904421564
7.003766388851698
6.736515839023669
6.671094309874057
7.141111949718043
6.253800545589907
8.133768763424891
7.686969594433022
10.214294617828449
6.90652288708493
6.482069544402181
7.083226568732847
7.785775845488097
7.010080469418093
7.954469613041443
7.084635760925623
7.18285771829804
6.673842208696464
7.428078447727685
7.1835660617426775
7.3407770705390645
8.303024328532523
7.766860542928761
7.758135107228031
7.418044474288622
8.757313115744884
7.865244906183475
7.512133266459027
8.658364047434047
7.77995427110414
8.215696003962204
6.8271885629188604
7.422344180636017
6.823024937044781
8.459766116926675
6.505124235416851
7.151009413174858
7.686244669931442
7.874006110043201
7.5387738712830155
7.41016389743761
6.838296913079527
6.824412690547328
7.775588953431101
6.582738660463614
7.518610549394788
7.437399853752097
6.928157531261787
8.14261294605421
6.341232532669724
7.948611285641197
7.526529733082462
6.73927594284014
6.928855890113046
8.04030757176319
6.253800545589907
7.074069477867068
7.692044662262763
9.66360626271399
7.595056415325648
7.944950457227842
7.941290111315294
8.22160755974758
8.21791270660508
6.56568384606781
7.513572503012078
7.782864894046979
7.526529733082462
9.667432908231124
7.668852890346354
7.684070024341886
7.511413682427041
7.7000218734926476
8.04030757176319
9.753240960232995
9.406260748735894
7.434531304638884
6.503088356643363
8.055002940439639
7.513572503012078
8.122717178478608
8.399503816589796
7.34648940880647
8.04030757176319
7.2502858894197955
7.270909095398998
8.579088574591143
7.258105980413582
7.343633044153898
9.866055438018497
8.04177677411726
8.488063783763234
8.764818000550372
8.038838443894932
7.432380140100607
7.507096658072278
7.5936121016601845
6.914196478163812
7.966922641937392
7.876196857475315
8.297097650694639
6.392937541088981
6.596397789451738
8.833199235833893
7.352917656645918
8.2164348873953
7.778499082934811
8.136716536927814
6.915592057558844
6.650501740212048
6.338553644772954
7.000259551983235
6.580690959715553
8.138927555729266
8.568633787742039
8.847486988425409
8.042511403213716
6.919779497812386
8.653873430218768
7.2559729241387165
8.055002940439639
8.042511403213716
7.599389886332756
8.139664597908338
7.529410117731668
8.311916373668636
7.013589275750082
8.046184827686295
7.872545710878035
7.873275900544651
6.401012442441334
7.847001609673486
7.241758386065182
7.508535574749188
8.049123901747127
6.673842208696464
8.40173308016757
8.030759573880042
7.685519766745037
7.696395549893842
7.266640481771011
7.422344180636017
6.900944325785607
7.337207654112981
7.790870799851481
7.499184253528954
8.233434012889765
7.428795337456948
7.944950457227842
7.34648940880647
7.518610549394788
6.836213506052376
7.206965986048661
7.33007065996494
8.128610852478433
8.405448845809728
7.248864384551277
7.605169082488017
7.3450611776289785
7.674648780876803
7.596500817359824
6.90652288708493
7.157374809103121
9.219997528112364
7.601556919655747
7.765406096791009
8.85952269426722
8.134505679832506
6.25180656566968
6.995351165659934
7.596500817359824
7.088863990510433
8.04030757176319
7.502780457320934
9.495460931352417
6.671781235702272
6.655990207755546
8.217173788277828
7.863055052431921
7.33435256200343
6.171005363836511
8.671839116648197
7.422344180636017
6.100640562227701
7.41446203767554
6.673842208696464
7.507816104975087
7.518610549394788
7.595778605299798
7.167280784078496
6.802916246119931
7.171527780492171
7.176483803533798
7.580617263596158
8.658364047434047
7.174359636377816
7.416611428460077
7.776316454938226
6.49223569332234
6.334536453372274
6.494948012016313
7.250996679951862
7.344347098675073
7.694220010457966
6.829270786600763
6.417852198909413
7.863055052431921
7.514292155520027
8.573860804923543
6.1584790555602
7.087454471879343
8.668095558535994
7.603724151298692
7.0775908900394064
7.418044474288622
9.754007505678825
6.6553040343214045
6.165729311288957
8.824929694685526
7.526529733082462
7.502780457320934
8.461254894313972
8.125663871152375
7.0825220134859075
7.428795337456948
8.398760761391111
6.824412690547328
7.153838213686723
6.404378554291313
7.597223051499428
8.037369390553328
7.322222805182014
8.585811096216945
7.944218349423924
8.057942904421564
6.635419328995074
6.915592057558844
7.078295254408853
6.499695929387625
7.254551013291636
7.3450611776289785
7.779226666739496
8.224563755787113
6.590932514504782
7.165865328833449
8.840718475215464
7.603001718725961
8.388359706023481
7.429512250795142
8.576848009823554
7.702923314025098
7.33435256200343
8.099154066371469
6.663540279693938
7.248864384551277
5.552562104837729
6.171005363836511
8.490298786468225
7.430229187735435
8.757313115744884
7.090273617824519
7.430946148270996
6.912103328711299
7.868164989658198
8.403219337494198
8.459766116926675
7.512852873322893
6.998155788381428
6.18222571940814
6.8091541181482205
6.9023387895804245
7.777771519695858
7.258817049809891
7.155960091687888
6.991145079998627
8.381675009767728
7.585669958346359
7.879118131364101
7.2502858894197955
5.680609279779152
7.596500817359824
8.225302848303084
7.161619594649387
8.570873845733221
7.868895060217233
7.437399853752097
6.992546995338873
8.030759573880042
8.311175277097387
7.592167876413864
7.8754665885140485
6.7447976677167185
8.301542557527364
8.051328402194025
7.149595171698588
7.862325140992759
9.218480352672717
8.21865164237235
7.492712533131316
7.332211500490075
7.172235705120045
7.601556919655747
7.1630347340565015
7.227554042374715
7.429512250795142
6.731686876670823
6.412460978349542
8.126400589435002
6.501731280080951
7.171527780492171
9.853000082204701
6.845243569210609
7.710178396910808
8.134505679832506
6.655990207755546
8.22160755974758
7.428795337456948
7.0937981611726535
7.182149400971393
6.820249795777841
7.254551013291636
8.217173788277828
7.688419507357593
8.133031865004167
7.344347098675073
7.1708198821062705
8.042511403213716
7.509974582884964
7.526529733082462
6.333867054678732
6.2405140900162115
8.38984537457417
7.774861472512804
7.862325140992759
8.665100979528821
7.6123950576821295
8.217173788277828
7.790870799851481
7.960329171214921
5.78682506289987
8.3074700472236
8.050593550159864
6.985538552363254
8.127874080102934
8.48731881451053
7.598667585992187
7.596500817359824
7.248864384551277
6.742036552611574
6.824412690547328
6.66491344570628
6.9023387895804245
5.993755229913818
7.090978472217433
7.5936121016601845
6.741346352769428
6.651873659868486
7.069140649401083
7.424494353454716
6.513950029732057
7.95154029532463
7.864514935032821
9.126762764103537
6.985538552363254
7.1708198821062705
7.343633044153898
7.440986069452094
9.038253759829146
7.342205008438243
7.525089676938501
7.760316186716754
7.684794884879842
9.125248674765617
7.790870799851481
6.640216543871246
7.686969594433022
8.753561213554203
7.440986069452094
6.66079434030264
7.879118131364101
7.7806818960229736
8.31710452135427
7.518610549394788
6.178924383030831
6.9023387895804245
7.004467840778944
7.328643555815053
7.5171709936083735
6.732376633325738
7.855756834877719
7.338635347221095
6.999558269222402
7.253129203849685
6.66697343989322
7.161619594649387
7.504938454657359
7.860865377864737
6.741346352769428
7.582782571018276
7.613840516219877
7.086749753340187
6.08950856108499
7.966922641937392
7.864514935032821
8.04838910537871
7.963259410992616
8.303024328532523
8.491043819004961
8.2164348873953
8.751310245374466
8.05353306954673
8.584317095370059
8.482849331600178
5.855461596873107
7.781409541490235
9.850696499115795
8.564900665509894
7.77340657246582
7.233944731639941
10.218929027575081
7.008677143506433
7.761770343272087
8.217173788277828
6.924666173767327
8.035900411779254
7.254551013291636
7.596500817359824
6.991145079998627
8.039572998515782
9.852232211053177
7.512852873322893
6.836907944777775
8.012406926038368
7.839707791762131
7.348631938640114
7.937630248571055
7.425211125036724
7.702923314025098
8.387616896343498
8.2164348873953
7.431663132394995
7.67102618850846
7.603724151298692
6.492913719966861
7.087454471879343
7.342919014072578
6.58478666660127
6.662853745751769
7.3450611776289785
7.521489934190386
7.3414910272580265
7.253129203849685
7.3293570955985246
8.23417331381333
9.032965262778013
7.855756834877719
6.502409800759489
7.332211500490075
5.189428869082992
7.966922641937392
6.49223569332234
6.5800084607131675
7.879848499319693
7.233944731639941
7.336493844311527
7.073365277424686
7.953737254752721
6.18222571940814
8.563407524424555
9.134333974179585
6.920477506813367
7.324362833758369
7.256683917570553
8.045450105610058
7.855756834877719
8.57162056248147
7.947879081390462
6.836907944777775
7.1835660617426775
9.13054821019503
7.423777605522695
7.2559729241387165
7.692044662262763
7.507096658072278
7.00306496509768
8.551464617949478
7.248864384551277
7.587835731694637
7.776316454938226
6.834824719498682
6.903036065632627
7.249575124283778
7.177191911638082
7.41446203767554
5.859928726632457
7.093093198242495
7.605891581092066
6.573185341028853
7.162327151181328
7.869625150641346
8.21126307006547
7.871815541048876
7.523649711651141
7.342205008438243
8.30821105945232
6.836907944777775
7.692769757068852
7.601556919655747
9.035987182371636
7.494150532320404
7.779226666739496
7.247442981326728
8.043980717219977
7.526529733082462
8.579835460176604
7.253129203849685
6.9058254639986645
7.863784983780456
7.836790826741789
9.312659136479931
6.574549692662217
7.1708198821062705
6.8271885629188604
7.6905945364575885
7.345775281008483
7.67102618850846
6.910010443039725
7.003766388851698
7.526529733082462
7.348631938640114
7.337207654112981
7.000960862959656
7.595056415325648
7.166573043307753
9.207861509757514
7.953737254752721
6.486812754457722
7.165865328833449
6.49630438336848
6.656676414013839
7.17294365598212
7.2502858894197955
7.673924219554986
7.011483907718421
10.225108748423413
7.2502858894197955
7.860135526186974
7.923727188441558
7.952272595889001
8.753561213554203
7.419477614964087
7.176483803533798
7.165157640663375
8.389102532101823
8.057942904421564
6.983436572771909
6.98623926902712
8.574607583123294
7.259528144512811
8.946154536955431
7.081817485482771
7.173651633070633
7.785775845488097
7.785048076851255
6.9093128731419515
7.517890760111848
7.326503084034127
7.784320328728285
6.006075436024978
6.996753420504627
9.846857396515848
7.512133266459027
7.428795337456948
7.166573043307753
8.574607583123294
8.56714049266609
7.0860450619961055
7.0775908900394064
7.966922641937392
6.823024937044781
7.689144495768529
7.607336644287582
8.650879984053324
7.863055052431921
8.144824395428278
7.521489934190386
7.611672361322478
8.209785565242308
6.994650080645871
7.523649711651141
8.118297681378557
7.495588623496038
8.764818000550372
7.337921488418553
7.958131692841186
8.128610852478433
6.5800084607131675
7.666679785328975
8.04691956834321
7.176483803533798
7.778499082934811
8.675583045815134
6.833436054202708
8.047654327575708
7.171527780492171
6.669720556032814
7.338635347221095
7.417327939515049
8.311916373668636
7.171527780492171
7.771224376956127
7.592167876413864
7.860135526186974
7.173651633070633
7.347203561015815
7.958131692841186
8.028556637854319
7.939094135645787
7.175775721617156
7.6724751611714375
7.5157315289659925
6.826494549178386
8.579835460176604
6.8988528510012195
8.21126307006547
8.670341648849833
8.850495580039981
8.50445710425154
7.338635347221095
6.840380592521176
7.605891581092066
6.996052278949017
6.501731280080951
6.811927303245658
8.38613132619604
7.531570644329624
7.1906509309802455
7.514292155520027
9.66360626271399
7.433814226229371
7.784320328728285
6.505124235416851
8.947662405973867
7.9339708696637645
7.77995427110414
6.836907944777775
8.386874103066232
7.00306496509768
8.042511403213716
6.834824719498682
8.22160755974758
9.129791095532633
6.8528883759578
7.686244669931442
6.669720556032814
7.337921488418553
7.337207654112981
8.057942904421564
8.041042163632051
6.401685591047826
6.985538552363254
7.702923314025098
7.177191911638082
7.514292155520027
8.04030757176319
8.30080169739988
7.950075751957462
8.04838910537871
6.326506185728818
7.345775281008483
6.746178414575537
7.435965532114083
7.8659748972268755
8.482104473255047
7.26379524375293
7.77995427110414
7.684794884879842
6.919779497812386
8.038103907905745
8.499240219493723
7.872545710878035
7.590723739637158
8.310434197385622
7.3143779336414445
9.667432908231124
6.502409800759489
7.8579460907652985
7.243889918350366
8.049858716675871
7.004467840778944
6.328513237428944
7.351488986512016
6.550693283982089
7.775588953431101
6.235203962655615
7.6095044039554205
7.175775721617156
7.160912064468489
8.046184827686295
6.828576681639322
7.509974582884964
7.69567034884293
7.504938454657359
7.9310437153505955
7.959596659228224
8.019746578438887
7.350060413824472
7.5171709936083735
7.008677143506433
7.516451249890906
7.33435256200343
7.175775721617156
6.835519097622934
7.7835926011249414
6.664226846348813
8.93484724479204
8.926557170353085
7.057176232346483
7.083226568732847
6.413134752563932
7.325076225893284
7.601556919655747
6.1584790555602
7.782137207500158
7.254551013291636
6.826494549178386
8.488063783763234
7.676822593289637
7.782137207500158
6.88421996955336
7.777043977028404
7.863055052431921
6.242506045260964
6.727549003397139
6.983436572771909
7.515011830840183
8.029290931166395
9.495460931352417
9.210895217281301
7.765406096791009
7.860135526186974
7.418044474288622
7.520770053854984
9.302019127699621
7.9493435091653035
7.061398061090734
7.2502858894197955
8.304506167174411
7.581339010526666
6.016462859372026
7.243179382115267
6.908615332588694
6.916987754012505
6.660107937312459
7.69494516902897
6.019711265225008
7.607336644287582
7.348631938640114
7.791598732392392
9.574882503061836
9.207861509757514
6.561593864701161
7.174359636377816
8.04691956834321
8.128610852478433
6.903733371109465
7.847001609673486
6.903036065632627
7.337207654112981
7.8667049081574865
7.326503084034127
7.613840516219877
6.651873659868486
7.2559729241387165
8.408421751723226
7.184982826955021
7.860135526186974
7.002363569525352
7.58711378508147
8.027088107345309
6.49155770204893
7.347203561015815
7.423060881247511
6.919081518022967
7.592889977981477
6.90652288708493
6.841075212828592
8.126400589435002
8.017544485451099
7.775588953431101
7.177900045922259
7.248864384551277
7.9698535712590735
6.754465541139509
7.597223051499428
7.774861472512804
9.129791095532633
8.128610852478433
6.998155788381428
7.185691248707285
8.392816908316526
7.3450611776289785
7.956666803271295
7.166573043307753
6.960331729704682
7.600112208727729
6.663540279693938
8.1381905315029
7.841166394821407
7.685519766745037
8.217173788277828
6.580690959715553
7.242468871351039
7.081817485482771
6.757919846394339
7.774861472512804
9.498512537810896
7.0860450619961055
7.246021679805963
7.352917656645918
6.996052278949017
7.774861472512804
7.499903448413034
7.509974582884964
8.476890909171152
10.23669728595864
7.2559729241387165
12.110293540292785
7.684070024341886
7.520770053854984
6.674529264830838
7.17506766589591
7.3293570955985246
7.430946148270996
7.000960862959656
7.763951733332981
7.585669958346359
8.579835460176604
7.34648940880647
7.335066298249596
7.874006110043201
7.950075751957462
7.494150532320404
6.499695929387625
7.3293570955985246
8.23417331381333
6.573867499810669
8.057942904421564
7.250996679951862
9.67738343916608
7.605169082488017
7.5006226662408695
7.696395549893842
7.582782571018276
7.3414910272580265
9.389509752375895
6.66079434030264
8.852752170358011
7.430229187735435
7.779226666739496
5.792521306884333
7.343633044153898
7.504938454657359
8.043246050916322
7.868895060217233
7.236785703088825
7.513572503012078
7.701472551380895
7.512133266459027
7.258817049809891
7.867434938969773
8.318587000743014
7.428078447727685
8.397274700010614
7.343633044153898
7.681170795583241
6.998155788381428
7.446007757951768
7.182149400971393
7.793054658855004
6.748940286518371
7.253129203849685
6.590932514504782
7.4883990880132165
8.222346582644427
7.936166438910222
8.314880928458283
7.509255067388004
7.262372776241918
6.328513237428944
7.675373363610557
9.571062438468095
6.174964133486235
8.304506167174411
7.0860450619961055
7.249575124283778
6.834130371688859
8.488063783763234
7.789414996179132
7.685519766745037
7.089568790586153
7.863055052431921
7.935434563123406
6.997454590318261
7.41016389743761
7.614563278385478
6.082312098215816
7.778499082934811
7.516451249890906
9.032209815702101
6.417178168064712
7.958131692841186
8.57759484941061
7.004467840778944
7.948611285641197
7.337207654112981
8.855761152742215
7.600834553170822
6.979933841966991
7.775588953431101
6.341232532669724
7.775588953431101
7.1708198821062705
8.057942904421564
7.343633044153898
7.1708198821062705
6.738585869428456
6.829964921950653
7.071956958597328
7.686969594433022
7.4209108504315235
6.816781555720913
8.140401658035243
7.868164989658198
6.655990207755546
7.863055052431921
6.488168276636621
8.130821277712235
8.227520230190569
8.215696003962204
7.17506766589591
6.008022208536322
8.014608624418631
7.262372776241918
7.514292155520027
7.087454471879343
8.846734875451963
6.831353283778728
6.65461789372157
7.336493844311527
7.526529733082462
6.992546995338873
8.220129566208138
6.740656184520336
6.723412274485823
7.1708198821062705
7.160204560646442
7.430229187735435
9.033720722986217
7.597223051499428
9.668198269482764
7.607336644287582
7.603001718725961
7.595056415325648
7.8659748972268755
10.678615068063989
6.416504173846833
7.67609796775019
7.432380140100607
6.80222330281771
8.481359630770555
6.838991442637428
8.031493923271352
7.339349230513458
7.167280784078496
6.919081518022967
7.531570644329624
7.601556919655747
6.635419328995074
7.431663132394995
8.126400589435002
7.863784983780456
7.336493844311527
7.253129203849685
7.332211500490075
7.258817049809891
8.044715402119587
7.6637826127037965
7.5387738712830155
7.34648940880647
7.416611428460077
7.178608206378581
7.944218349423924
7.153838213686723
7.418044474288622
6.66491344570628
7.258105980413582
6.66766016996005
8.029290931166395
6.756538030141493
7.673924219554986
8.491043819004961
6.757228922582514
7.165865328833449
7.424494353454716
8.389102532101823
7.613840516219877
8.674834230320428
7.2559729241387165
6.820943535354056
7.966922641937392
7.426644739123306
8.135979566588853
6.92536438700195
7.506377234047333
7.349346164040842
6.735135977042933
7.761770343272087
7.264506515394067
7.073365277424686
7.413029229204966
7.1679885511378885
7.261661580386889
8.045450105610058
6.908615332588694
8.131558122142946
7.3414910272580265
8.940123601887619
8.570873845733221
8.756562706468277
8.14261294605421
8.746808699035846
7.2502858894197955
7.584226220308405
7.176483803533798
8.940123601887619
6.661480776046002
7.603724151298692
8.139664597908338
6.172984563496539
8.587305158235111
6.649129952177554
7.681895570751846
7.955201990560985
7.1630347340565015
7.603001718725961
5.633940788420268
8.743057808141016
9.387987214687756
7.685519766745037
7.001662202143187
6.916289891157773
6.6443297317565735
7.494869566413213
7.9617942527481755
8.226781085509499
7.613117775983346
7.164449978805327
9.679679972050636
8.18320247957571
7.5936121016601845
6.657362653086134
7.876927146246463
9.571062438468095
7.25241833717427
7.769769683057712
7.784320328728285
7.338635347221095
7.599389886332756
6.818168760141593
7.504938454657359
7.31580405159482
7.432380140100607
7.960329171214921
7.507096658072278
7.600834553170822
7.17506766589591
7.0797040650175145
7.513572503012078
7.33007065996494
6.254465284726233
7.001662202143187
7.586391860629934
7.953004915700138
7.247442981326728
8.04030757176319
8.214957137983248
8.046184827686295
8.22160755974758
6.995351165659934
6.908615332588694
7.847731101731864
7.849919698042048
7.5171709936083735
6.903036065632627
7.784320328728285
6.56977505853715
8.955956650913768
7.947879081390462
7.000960862959656
8.217173788277828
8.406192047851093
7.176483803533798
7.69567034884293
7.522929763094994
7.675373363610557
7.769042367058294
6.926062629377517
7.3414910272580265
7.108608633635526
7.421627503695068
8.485828923503558
7.248153670229769
6.833436054202708
6.6704074166475475
7.258817049809891
7.423060881247511
8.209046839066165
8.019746578438887
8.403219337494198
7.342919014072578
7.934702706706133
7.503499766857822
8.842974520344145
7.684070024341886
7.340063138288495
7.513572503012078
7.437399853752097
6.919081518022967
7.499903448413034
7.438834269498457
7.1679885511378885
7.974250538726497
7.607336644287582
6.483424569753247
5.9439750054932485
8.400246888121657
8.772324322840205
7.255261956043262
10.600886554926822
6.656676414013839
6.020361079567744
7.000960862959656
7.520050196272893
8.057942904421564
7.083226568732847
7.167280784078496
7.952272595889001
7.08815921760546
7.067028705162762
6.999558269222402
6.407072107084734
9.122977636300819
6.748249771278699
6.993247995476834
7.613117775983346
7.437399853752097
6.92536438700195
6.919081518022967
7.611672361322478
7.596500817359824
6.824412690547328
6.834130371688859
7.0768865529707465
7.517890760111848
8.491043819004961
8.403219337494198
6.836907944777775
6.0927813962069095
7.874006110043201
8.399503816589796
7.091683353756795
7.851378862305562
7.521489934190386
7.771224376956127
7.337207654112981
7.421627503695068
7.5157315289659925
7.533011108683585
8.220868554267252
9.869895803394389
6.992546995338873
6.653931785966197
7.170112009970116
7.867434938969773
6.493591781971412
7.769769683057712
8.76406744732209
7.335780059021347
7.696395549893842
6.988341589299377
6.658735229632147
8.946154536955431
5.9439750054932485
8.653125046265492
8.287469113295824
8.74755892062113
7.518610549394788
10.223563763847862
7.350060413824472
6.157820189772362
7.419477614964087
7.69494516902897
7.953737254752721
8.214218289463142
8.296356892171774
7.955201990560985
6.843853996280322
6.157820189772362
7.776316454938226
7.6978460156825115
8.036634891842796
7.000259551983235
6.499695929387625
7.507816104975087
7.791598732392392
7.600834553170822
7.775588953431101
8.034431507613611
7.248864384551277
8.141138736105104
8.106515542497421
8.135242614222122
7.435248406602726
7.710178396910808
8.04030757176319
8.2164348873953
6.825800565863451
8.677080721269652
8.139664597908338
8.135979566588853
6.998155788381428
7.177900045922259
9.958314747383776
8.3074700472236
8.296356892171774
7.1022598289242085
7.165157640663375
7.17294365598212
8.038103907905745
7.17506766589591
7.1708198821062705
8.568633787742039
7.343633044153898
8.470188899624919
8.220868554267252
6.832741767049469
8.373506633915728
6.518025470779139
8.568633787742039
6.574549692662217
6.0138649345856185
7.512852873322893
7.084635760925623
7.856486566882748
7.931775474839711
7.863055052431921
7.874006110043201
7.693494873135921
8.32674183865151
7.442420720231277
8.043246050916322
7.3543464241693846
8.217173788277828
9.117678992856908
7.879848499319693
7.51933036145065
7.176483803533798
7.605169082488017
6.995351165659934
6.0028317088548935
7.5936121016601845
8.225302848303084
8.132294984575221
7.66595545993929
6.836213506052376
6.757919846394339
7.3414910272580265
6.746178414575537
8.311916373668636
8.03002524317668
8.31710452135427
7.168696344478145
7.606614101694009
6.91489425322457
10.238242577838694
7.782137207500158
8.127137325753491
8.04030757176319
8.04030757176319
7.172235705120045
7.613117775983346
8.125663871152375
7.418044474288622
7.862325140992759
6.73927594284014
8.227520230190569
8.590293465657599
6.338553644772954
6.998857014685638
6.920477506813367
7.507096658072278
6.008022208536322
7.419477614964087
7.864514935032821
7.421627503695068
8.057942904421564
7.258105980413582
8.399503816589796
8.578341704334475
7.684794884879842
7.686969594433022
9.386464723791885
7.185691248707285
7.06562087944046
8.046184827686295
7.785048076851255
7.002363569525352
9.406260748735894
6.939334759591426
7.959596659228224
7.421627503695068
7.776316454938226
6.174964133486235
8.057942904421564
6.49630438336848
7.670301734337368
6.924666173767327
7.518610549394788
7.173651633070633
7.590723739637158
6.75308403883541
8.38984537457417
7.422344180636017
8.2164348873953
6.73927594284014
7.173651633070633
7.5157315289659925
7.782137207500158
7.258817049809891
8.217173788277828
7.078999646070938
6.746868835297611
7.176483803533798
7.078999646070938
7.531570644329624
8.057942904421564
7.347203561015815
6.7454880253786795
7.491274625981742
7.696395549893842
7.078999646070938
8.58879928139263
6.023610816351952
7.958131692841186
8.21126307006547
8.05353306954673
7.876927146246463
9.117678992856908
6.174964133486235
7.173651633070633
7.437399853752097
9.482493624016538
5.395792241273846
7.426644739123306
7.516451249890906
6.991145079998627
6.903036065632627
8.127874080102934
6.752393334821446
6.171005363836511
6.735135977042933
7.9508080140123445
7.600834553170822
7.161619594649387
6.748249771278699
7.518610549394788
7.944218349423924
8.488063783763234
7.605891581092066
6.420548688325728
6.919779497812386
7.248864384551277
7.702923314025098
7.694220010457966
8.223824680668885
7.868164989658198
6.756538030141493
8.037369390553328
7.566186999359412
7.419477614964087
7.8659748972268755
8.131558122142946
7.333638850290013
8.38984537457417
6.573867499810669
7.242468871351039
8.038838443894932
8.388359706023481
7.505657832906833
6.989042419455226
7.959596659228224
7.760316186716754
7.167280784078496
6.492913719966861
8.214957137983248
9.115408337147697
9.389509752375895
7.435965532114083
6.728238569530155
7.0825220134859075
6.66079434030264
7.431663132394995
7.318656584081635
7.160912064468489
6.482747039314387
7.158082207411582
8.223824680668885
7.688419507357593
6.658048924962284
7.249575124283778
7.847731101731864
8.034431507613611
7.781409541490235
7.5979453077123145
7.00306496509768
8.56714049266609
6.66491344570628
7.343633044153898
9.666667557692163
9.31037893658384
7.526529733082462
7.692044662262763
7.091683353756795
8.485828923503558
7.245311067203203
7.081817485482771
6.650501740212048
7.95154029532463
7.761770343272087
9.311138991226741
7.504938454657359
7.340063138288495
9.387987214687756
7.0797040650175145
7.350060413824472
7.836790826741789
9.388748477684215
7.69494516902897
7.253129203849685
6.577961167594886
8.578341704334475
6.642272989188207
6.735825892197902
7.340063138288495
7.521489934190386
8.220868554267252
7.945682584331787
7.004467840778944
7.701472551380895
8.588052212173444
8.224563755787113
6.659421567085583
10.058419757400973
7.34648940880647
7.485523918839355
8.491043819004961
7.17506766589591
7.0952081683671615
7.941290111315294
8.405448845809728
6.80222330281771
7.504938454657359
7.413745621563751
8.476146177828225
7.8579460907652985
8.653125046265492
7.248864384551277
7.160912064468489
6.58478666660127
7.520770053854984
6.673842208696464
8.223824680668885
8.840718475215464
6.802916246119931
7.345775281008483
6.661480776046002
7.583504384566696
6.589566533615791
6.417852198909413
7.248864384551277
7.959596659228224
8.049123901747127
7.430229187735435
7.7835926011249414
7.279449040561281
8.213479458406598
9.051099924723516
7.520050196272893
8.394302773438584
7.250996679951862
7.424494353454716
7.433097171381007
7.250996679951862
6.989042419455226
7.7835926011249414
6.805688326664844
8.136716536927814
7.950075751957462
7.6044466058881355
8.21865164237235
6.49223569332234
7.600834553170822
7.5171709936083735
7.1679885511378885
7.417327939515049
8.135242614222122
7.618177417931072
7.343633044153898
8.482849331600178
7.8579460907652985
7.757408122180226
7.41016389743761
7.440268779298735
7.673199679651175
7.086749753340187
7.256683917570553
7.171527780492171
6.825106612983336
9.210895217281301
8.74605849191437
7.260950409808741
8.398760761391111
8.303024328532523
7.582060779669485
7.666679785328975
7.844813253711592
7.687694540243748
7.061398061090734
7.327930040621707
7.078295254408853
5.409548715367329
6.991846023509965
9.307338837972067
7.594334247443675
6.837602413789902
7.517890760111848
8.393559832693606
7.702923314025098
6.912103328711299
8.38984537457417
9.12903399358912
8.041042163632051
7.504938454657359
7.338635347221095
8.032228291345488
7.258105980413582
7.764678904724125
7.083931151215462
8.324517590516916
7.513572503012078
6.840380592521176
7.7741340121891165
9.11313779645115
7.083226568732847
7.156667437192614
7.513572503012078
7.442420720231277
7.696395549893842
7.691319588723671
7.177191911638082
8.223085622953091
7.605169082488017
7.244600480048841
8.76406744732209
6.738585869428456
6.993247995476834
9.051099924723516
7.2502858894197955
7.0797040650175145
7.240337491958575
7.941290111315294
7.793054658855004
8.122717178478608
8.016810492009318
7.502061170701415
6.743417047036225
6.897458681854385
7.5157315289659925
7.959596659228224
7.427361581614192
8.93333983626909
7.868895060217233
7.863055052431921
7.342205008438243
7.428078447727685
8.932586152370751
7.51933036145065
7.260239264514905
7.1793163929993025
8.48359420580177
7.581339010526666
7.9493435091653035
7.419477614964087
9.207861509757514
7.522209837272565
8.131558122142946
7.243179382115267
8.85952269426722
6.488168276636621
7.686969594433022
8.316363306892827
7.25241833717427
8.031493923271352
7.782137207500158
7.859405694440779
7.092388262434512
9.480968273871506
7.781409541490235
7.94714689641843
8.311175277097387
6.25180656566968
8.932586152370751
6.735135977042933
8.224563755787113
6.740656184520336
7.856486566882748
7.002363569525352
5.840163691286421
6.8195560867108185
6.322493114712751
7.0825220134859075
7.323649466256719
7.598667585992187
7.952272595889001
6.090817566640788
7.776316454938226
8.473167411439526
6.919779497812386
7.510694121233499
10.233606810491125
6.08296610731252
7.497026806605279
8.225302848303084
7.879848499319693
7.782137207500158
7.777043977028404
7.6095044039554205
7.085340397855213
6.824412690547328
6.185528079872965
6.921873612414663
7.504938454657359
8.30598807341683
7.25241833717427
7.855027122837604
7.182149400971393
7.181441109770463
6.746178414575537
8.041042163632051
7.3586333105098785
8.311916373668636
8.674834230320428
7.505657832906833
8.57759484941061
7.17294365598212
8.30821105945232
7.507096658072278
7.606614101694009
7.693494873135921
8.133031865004167
7.702923314025098
7.000960862959656
7.2559729241387165
7.247442981326728
8.587305158235111
7.775588953431101
7.527969880030886
6.992546995338873
8.057942904421564
6.412460978349542
7.781409541490235
8.046184827686295
8.212001848703046
7.961061702390005
6.398320217182097
8.753561213554203
6.824412690547328
7.142525554628842
7.337921488418553
7.860865377864737
7.345775281008483
7.586391860629934
7.9617942527481755
7.437399853752097
7.868164989658198
9.129791095532633
10.40538670300179
6.662853745751769
6.669720556032814
7.260950409808741
8.124927170910512
7.083931151215462
7.684070024341886
7.778499082934811
8.57759484941061
7.08815921760546
7.496307703562264
7.171527780492171
7.688419507357593
7.77340657246582
6.910010443039725
7.947879081390462
7.175775721617156
8.942385101039575
6.825106612983336
8.226781085509499
7.762497452601147
7.503499766857822
7.782137207500158
10.046093035373852
7.185691248707285
6.736515839023669
6.92536438700195
7.876196857475315
7.517890760111848
8.217173788277828
8.224563755787113
7.254551013291636
8.057942904421564
5.861843932645385
7.338635347221095
7.8659748972268755
9.117678992856908
6.91489425322457
6.901641542961778
7.437399853752097
8.133031865004167
6.6443297317565735
7.2502858894197955
7.165157640663375
7.086749753340187
6.928157531261787
7.51933036145065
7.871815541048876
7.256683917570553
7.000960862959656
7.871815541048876
7.2673518543564635
7.41446203767554
7.599389886332756
5.92916373500592
7.424494353454716
7.17506766589591
9.48401901956868
6.991145079998627
6.839686002454384
7.598667585992187
6.818862408162296
6.842464544128453
7.3414910272580265
8.74605849191437
8.127137325753491
8.31562210925933
9.123734636379245
7.255261956043262
6.577961167594886
7.872545710878035
7.512852873322893
7.359347876625381
8.055002940439639
8.2164348873953
6.926760900885218
8.037369390553328
7.867434938969773
8.217173788277828
7.868895060217233
6.999558269222402
7.950075751957462
7.775588953431101
8.031493923271352
8.30228343457309
6.907917821388843
7.015694896276919
7.931775474839711
6.841075212828592
7.331497862417891
8.222346582644427
8.850495580039981
7.940558100091602
7.603001718725961
7.944950457227842
8.042511403213716
8.132294984575221
7.168696344478145
7.446725235859745
7.592889977981477
7.434531304638884
7.41446203767554
7.860135526186974
8.225302848303084
7.51933036145065
6.979933841966991
7.684794884879842
8.220129566208138
7.432380140100607
8.049123901747127
6.993247995476834
7.174359636377816
7.775588953431101
8.30080169739988
7.33007065996494
7.961061702390005
7.761770343272087
7.702923314025098
7.7683150716997975
7.426644739123306
6.825800565863451
7.516451249890906
7.592167876413864
7.58855770046311
6.713764369205436
6.833436054202708
6.833436054202708
7.244600480048841
9.029943553301074
8.22160755974758
6.915592057558844
7.261661580386889
6.651873659868486
7.167280784078496
7.0952081683671615
7.340063138288495
6.9044307060020245
7.343633044153898
7.700747201839284
6.8431592551024885
6.995351165659934
8.65761557392995
7.0860450619961055
8.233434012889765
7.0775908900394064
7.499903448413034
8.949924310829049
7.605891581092066
7.597223051499428
7.856486566882748
7.850649270171851
6.912801015898309
7.089568790586153
8.575354376675884
9.21772178348433
7.696395549893842
7.167280784078496
7.772679153348698
8.02415127093164
6.742036552611574
7.959596659228224
6.66491344570628
7.2559729241387165
7.1488880906828545
7.686244669931442
8.825681400810051
8.019746578438887
10.230516479522791
7.325076225893284
8.850495580039981
8.573860804923543
8.491043819004961
7.784320328728285
6.719965876083465
7.522209837272565
7.601556919655747
6.834130371688859
6.91140567083328
6.56841118440017
6.597081100678417
8.57236729459862
8.057942904421564
6.994650080645871
7.163742343267102
7.171527780492171
8.30821105945232
7.142525554628842
7.51933036145065
6.653245711065448
6.5841039639741314
7.864514935032821
7.600834553170822
8.042511403213716
7.5171709936083735
8.914501820732903
8.389102532101823
7.678271908543736
5.8529100115968635
7.5936121016601845
6.832047510238392
7.512852873322893
9.389509752375895
9.11313779645115
7.525089676938501
7.0952081683671615
7.584948078237073
7.596500817359824
7.7835926011249414
6.829964921950653
10.319442465710175
7.761770343272087
7.613117775983346
8.308952088558573
7.331497862417891
7.944950457227842
8.30228343457309
7.343633044153898
7.337207654112981
7.177191911638082
5.85801395352899
7.335066298249596
6.254465284726233
7.689144495768529
8.848239115374499
7.160912064468489
7.699296566346979
7.0825220134859075
8.041042163632051
7.702923314025098
8.562660976999611
7.170112009970116
7.333638850290013
8.203876246002245
7.607336644287582
6.746868835297611
6.5800084607131675
8.753561213554203
7.699296566346979
8.839214515162553
7.074069477867068
7.856486566882748
7.849919698042048
7.084635760925623
7.324362833758369
8.041042163632051
7.089568790586153
7.336493844311527
7.681170795583241
6.577278804553677
7.775588953431101
8.761065378231184
7.793054658855004
7.5979453077123145
8.844478620421118
7.155252772596773
7.506377234047333
6.912103328711299
7.177900045922259
8.04030757176319
6.335205890144946
6.81054064941722
7.158082207411582
8.57759484941061
6.992546995338873
7.418044474288622
7.185691248707285
6.748940286518371
7.966922641937392
8.193537638365635
9.389509752375895
7.677547240222837
5.93817637722738
6.989042419455226
7.697120772175703
6.663540279693938
7.403002234108306
8.224563755787113
7.344347098675073
8.404705660066908
7.507096658072278
7.185691248707285
8.756562706468277
7.525089676938501
8.569380458359486
8.499985441483295
7.940558100091602
6.939334759591426
6.482069544402181
6.748249771278699
7.844813253711592
7.605169082488017
8.298579218572163
7.595778605299798
6.8995499797964
7.156667437192614
8.22160755974758
8.049858716675871
6.303783721947692
7.522929763094994
8.051328402194025
6.577961167594886
7.176483803533798
6.49630438336848
8.566393868215638
6.916987754012505
8.046184827686295
8.124927170910512
7.32721655002567
6.253135846026624
7.013589275750082
8.041042163632051
8.140401658035243
8.30821105945232
6.928855890113046
7.348631938640114
7.171527780492171
7.431663132394995
8.316363306892827
8.766319150127742
7.9508080140123445
8.287469113295824
7.342205008438243
6.991846023509965
7.522929763094994
8.290431434569852
8.95143231491103
8.761065378231184
6.082312098215816
7.168696344478145
7.170112009970116
7.513572503012078
6.160455901505591
9.666667557692163
8.310434197385622
6.975031214518039
7.618177417931072
7.765406096791009
7.337207654112981
7.173651633070633
7.772679153348698
7.839707791762131
7.847731101731864
6.339893012755952
7.00306496509768
6.907917821388843
7.1488880906828545
8.303024328532523
7.084635760925623
7.248864384551277
7.515011830840183
7.6044466058881355
7.865244906183475
7.424494353454716
8.046184827686295
7.078295254408853
7.607336644287582
7.598667585992187
7.602279308176219
7.966922641937392
7.860865377864737
7.085340397855213
8.223824680668885
7.607336644287582
7.850649270171851
7.688419507357593
7.863784983780456
10.701942637956977
7.678996598246277
8.674834230320428
7.17506766589591
7.614563278385478
7.67102618850846
7.509255067388004
8.308952088558573
7.1793163929993025
7.345775281008483
7.171527780492171
7.601556919655747
7.161619594649387
7.424494353454716
6.66766016996005
8.2164348873953
7.429512250795142
7.6095044039554205
8.066029330603612
6.9093128731419515
7.098733660425911
7.516451249890906
8.86253217804622
8.01093922119288
7.966922641937392
8.573114042080647
6.66766016996005
6.502409800759489
8.127137325753491
7.248153670229769
7.520770053854984
8.495514346102334
7.3407770705390645
6.840380592521176
7.339349230513458
7.1793163929993025
7.249575124283778
7.860135526186974
7.095913212615349
6.659421567085583
7.3407770705390645
7.8528381065623964
6.836213506052376
8.213479458406598
6.921873612414663
7.347203561015815
7.1793163929993025
6.735135977042933
7.610227034452868
7.3450611776289785
7.348631938640114
8.18320247957571
7.338635347221095
6.908615332588694
7.8659748972268755
7.165157640663375
7.423777605522695
7.255261956043262
7.861595249468515
6.834130371688859
7.943486260925371
7.675373363610557
7.432380140100607
7.34648940880647
7.600834553170822
6.798759047780509
7.343633044153898
7.08815921760546
7.011483907718421
8.314139764494186
6.9093128731419515
8.756562706468277
7.243179382115267
6.8431592551024885
7.337207654112981
9.849160827681738
8.212001848703046
6.7503214114476355
8.126400589435002
7.418044474288622
7.004467840778944
7.247442981326728
7.312238942236606
7.863055052431921
8.223085622953091
7.531570644329624
8.855008886232527
8.394302773438584
7.344347098675073
7.863055052431921
7.2396270831528335
7.9310437153505955
7.173651633070633
7.789414996179132
7.772679153348698
7.431663132394995
7.863055052431921
7.860865377864737
7.5171709936083735
6.916987754012505
7.521489934190386
7.258817049809891
7.936166438910222
8.03002524317668
7.684794884879842
6.754465541139509
7.340063138288495
7.794510667120455
6.674529264830838
7.521489934190386
7.423060881247511
8.133031865004167
6.903036065632627
6.65461789372157
7.248864384551277
7.258817049809891
8.118297681378557
8.485828923503558
7.4115965157739465
6.841075212828592
6.655990207755546
8.560421427244068
7.776316454938226
6.653931785966197
7.514292155520027
7.509974582884964
7.010782174523893
7.168696344478145
7.3407770705390645
7.520050196272893
7.092388262434512
8.667346891482435
8.767069746469451
7.347203561015815
7.8528381065623964
7.173651633070633
8.132294984575221
7.5171709936083735
6.466496992453268
7.246021679805963
8.763316908472335
8.215696003962204
7.342919014072578
6.916987754012505
7.248153670229769
6.916987754012505
6.664226846348813
7.525089676938501
8.2164348873953
7.17294365598212
9.384942279711048
8.134505679832506
8.38613132619604
7.765406096791009
9.311138991226741
7.688419507357593
7.250996679951862
8.223824680668885
6.912801015898309
6.646386771300387
8.223085622953091
7.691319588723671
7.8659748972268755
8.21126307006547
7.944218349423924
7.166573043307753
7.856486566882748
8.140401658035243
7.758135107228031
7.340063138288495
7.174359636377816
7.688419507357593
9.03523168278632
9.567242649862965
6.744107341599338
6.651873659868486
7.17294365598212
7.952272595889001
7.021311117041711
6.913498732385437
6.998155788381428
7.1708198821062705
7.432380140100607
7.338635347221095
7.521489934190386
6.412460978349542
8.03002524317668
